0.0000 0.0000 0.0000 0.0000 0.0000 0.0000 0.0000 0.0000 0.0000 0.0000 0.0000 
0.0000 0.0000 0.0000 0.0000 0.0000 0.0000 0.0000 0.0000 0.0000 0.0000 0.0000 
0.0000 0.0000 0.0000 0.0000 0.0000 0.0000 0.0000 0.0000 0.0000 0.0000 0.0000 
0.0000 0.0000 0.0000 0.0000 0.0000 0.0000 0.0000 0.0000 0.0000 0.0000 0.0000 
0.0000 0.0000 0.0000 0.0000 0.0000 0.0000 0.0000 0.0000 0.0000 0.0000 0.0000 
0.0000 0.0000 0.0000 0.0000 0.0000 0.0000 0.0000 0.0000 0.0000 0.0000 0.0000 
0.0000 0.0000 0.0000 0.0000 0.0000 0.0000 0.0000 0.0000 0.0000 0.0000 0.0000 
0.0000 0.0000 0.0000 0.0000 0.0000 0.0000 0.0000 0.0000 0.0000 0.0000 0.0000 
0.0000 0.0000 0.0000 0.0000 0.0000 0.0000 0.0000 0.0000 0.0000 0.0000 0.0000 
0.0000 0.0000 0.0000 0.0000 0.0000 0.0000 0.0000 0.0000 0.0000 0.0000 0.0000 
0.0000 0.0000 0.0000 0.0000 0.0000 0.0000 0.0000 0.0000 0.0000 0.0000 0.0000 
0.0000 0.0000 0.0000 0.0000 0.0000 0.0000 0.0000 0.0000 0.0000 0.0000 0.0000 
0.0000 0.0000 0.0000 0.0000 0.0000 0.0000 0.0000 0.0000 0.0000 0.0000 0.0000 
0.0000 0.0000 0.0000 0.0000 0.0000 0.0000 0.0000 0.0000 0.0000 0.0000 0.0000 
0.0000 0.0000 0.0000 0.0000 0.0000 0.0000 0.0000 0.0000 0.0000 0.0000 0.0000 
0.0000 0.0000 0.0000 0.0000 0.0000 0.0000 0.0000 0.0000 0.0000 0.0000 0.0000 
0.0000 0.0000 0.0000 0.0000 0.0000 0.0000 0.0000 0.0000 0.0000 0.0000 0.0000 
0.0000 0.0000 0.0000 0.0000 0.0000 0.0000 0.0000 0.0000 0.0000 0.0000 0.0000 
0.0000 0.0000 0.0000 0.0000 0.0000 0.0000 0.0000 0.0000 0.0000 0.0000 0.0000 
0.0000 0.0000 0.0000 0.0000 0.0000 0.0000 0.0000 0.0000 0.0000 0.0000 0.0000 
0.0000 0.0000 0.0000 0.0000 0.0000 0.0000 0.0000 0.0000 0.0000 0.0000 0.0000 
0.0000 0.0000 0.0000 0.0000 0.0000 0.0000 0.0000 0.0000 0.0000 0.0000 0.0000 
0.0000 0.0000 0.0000 0.0000 0.0000 0.0000 0.0000 0.0000 0.0000 0.0000 0.0000 
0.0000 0.0000 0.0000 0.0000 0.0000 0.0000 0.0000 0.0000 0.0000 0.0000 0.0000 
0.0000 0.0000 0.0000 0.0000 0.0000 0.0000 0.0000 0.0000 0.0000 0.0000 0.0000 
0.0000 0.0000 0.0000 0.0000 0.0000 0.0000 0.0000 0.0000 0.0000 0.0000 0.0000 
0.0000 0.0000 0.0000 0.0000 0.0000 0.0000 0.0000 0.0000 0.0000 0.0000 0.0000 
0.0000 0.0000 0.0000 0.0000 0.0000 0.0000 0.0000 0.0000 0.0000 0.0000 0.0000 
0.0000 0.0000 0.0000 0.0000 0.0000 0.0000 0.0000 0.0000 0.0000 0.0000 0.0000 
0.0000 0.0000 0.0000 0.0000 0.0000 0.0000 0.0000 0.0000 0.0000 0.0000 0.0000 
0.0000 0.0000 0.0000 0.0000 0.0000 0.0000 0.0000 0.0000 0.0000 0.0000 0.0000 
0.0000 0.0000 0.0000 0.0000 0.0000 0.0000 0.0000 0.0000 0.0000 0.0000 0.0000 
0.0000 0.0000 0.0000 0.0000 0.0000 0.0000 0.0000 0.0000 0.0000 0.0000 0.0000 
0.0000 0.0000 0.0000 0.0000 0.0000 0.0000 0.0000 0.0000 0.0000 0.0000 0.0000 
0.0000 0.0000 0.0000 0.0000 0.0000 0.0000 0.0000 0.0000 0.0000 0.0000 0.0000 
0.0000 0.0000 0.0000 0.0000 0.0000 0.0000 0.0000 0.0000 0.0000 0.0000 0.0000 
0.0000 0.0000 0.0000 0.0000 0.0000 0.0000 0.0000 0.0000 0.0000 0.0000 0.0000 
0.0000 0.0000 0.0000 0.0000 0.0000 0.0000 0.0000 0.0000 0.0000 0.0000 0.0000 
0.0000 0.0000 0.0000 0.0000 0.0000 0.0000 0.0000 0.0000 0.0000 0.0000 0.0000 
0.0000 0.0000 0.0000 0.0000 0.0000 0.0000 0.0000 0.0000 0.0000 0.0000 0.0000 

0.1007 0.1566 0.2172 0.0971 0.0607 0.0049 0.0449 0.0061 0.1578 0.0510 0.1032 
0.0127 0.0000 0.9873 0.0000 0.0000 0.0000 0.0000 0.0000 0.0000 0.0000 0.0000 
0.0000 0.0000 0.1619 0.0000 0.0000 0.0000 0.0000 0.0000 0.8381 0.0000 0.0000 
0.0098 0.0000 0.9902 0.0000 0.0000 0.0000 0.0000 0.0000 0.0000 0.0000 0.0000 
0.0000 0.0000 1.0000 0.0000 0.0000 0.0000 0.0000 0.0000 0.0000 0.0000 0.0000 
0.0000 0.0000 1.0000 0.0000 0.0000 0.0000 0.0000 0.0000 0.0000 0.0000 0.0000 
0.0367 0.0000 0.9633 0.0000 0.0000 0.0000 0.0000 0.0000 0.0000 0.0000 0.0000 
0.0000 0.0000 1.0000 0.0000 0.0000 0.0000 0.0000 0.0000 0.0000 0.0000 0.0000 
0.0000 0.0000 1.0000 0.0000 0.0000 0.0000 0.0000 0.0000 0.0000 0.0000 0.0000 
0.0000 0.0000 0.4295 0.0000 0.0000 0.0000 0.0000 0.0000 0.5705 0.0000 0.0000 
0.1007 0.1566 0.2172 0.0971 0.0607 0.0049 0.0449 0.0061 0.1578 0.0510 0.1032 
0.2164 0.0299 0.4478 0.0000 0.0000 0.0000 0.0970 0.0000 0.2090 0.0000 0.0000 
0.0034 0.0000 0.5306 0.0000 0.0000 0.0000 0.0000 0.0000 0.4660 0.0000 0.0000 
0.2418 0.0330 0.5055 0.0000 0.0000 0.0000 0.0110 0.0000 0.2088 0.0000 0.0000 
0.0556 0.0000 0.5648 0.0000 0.0000 0.0000 0.0000 0.0000 0.3796 0.0000 0.0000 
0.0000 0.0000 0.5917 0.0000 0.0000 0.0000 0.0000 0.0000 0.4083 0.0000 0.0000 
0.2097 0.0806 0.4597 0.0000 0.0000 0.0000 0.0161 0.0000 0.2339 0.0000 0.0000 
0.0992 0.0000 0.5041 0.0000 0.0000 0.0000 0.0000 0.0000 0.3967 0.0000 0.0000 
0.0918 0.0000 0.6531 0.0000 0.0000 0.0000 0.0000 0.0000 0.2551 0.0000 0.0000 
0.0323 0.0000 0.5618 0.0000 0.0000 0.0000 0.0000 0.0000 0.4059 0.0000 0.0000 
0.1007 0.1566 0.2172 0.0971 0.0607 0.0049 0.0449 0.0061 0.1578 0.0510 0.1032 
0.0459 0.1201 0.0283 0.0000 0.0000 0.0000 0.0141 0.0000 0.7597 0.0000 0.0318 
0.0000 0.0000 0.1754 0.0000 0.8215 0.0000 0.0000 0.0000 0.0031 0.0000 0.0000 
0.0000 0.0810 0.0081 0.0000 0.0000 0.0000 0.0000 0.0000 0.9028 0.0000 0.0081 
0.0000 0.0339 0.0169 0.0000 0.0000 0.0000 0.0000 0.0000 0.9492 0.0000 0.0000 
0.0000 0.0000 0.0000 0.0000 0.0000 0.0000 0.0000 0.0000 1.0000 0.0000 0.0000 
0.0288 0.1151 0.0252 0.0000 0.0000 0.0000 0.0072 0.0000 0.7914 0.0000 0.0324 
0.0000 0.0541 0.0090 0.0000 0.0000 0.0000 0.0000 0.0000 0.9369 0.0000 0.0000 
0.0000 0.0286 0.0143 0.0000 0.0000 0.0000 0.0000 0.0000 0.9571 0.0000 0.0000 
0.0000 0.0000 0.0233 0.0000 0.9767 0.0000 0.0000 0.0000 0.0000 0.0000 0.0000 
0.1007 0.1566 0.2172 0.0971 0.0607 0.0049 0.0449 0.0061 0.1578 0.0510 0.1032 
0.0204 0.0612 0.8367 0.0000 0.0000 0.0000 0.0816 0.0000 0.0000 0.0000 0.0000 
0.0000 0.0000 0.3506 0.0000 0.0000 0.0000 0.0000 0.0000 0.6494 0.0000 0.0000 
0.0000 0.0000 1.0000 0.0000 0.0000 0.0000 0.0000 0.0000 0.0000 0.0000 0.0000 
0.0000 0.0000 1.0000 0.0000 0.0000 0.0000 0.0000 0.0000 0.0000 0.0000 0.0000 
0.0000 0.0000 0.7627 0.0000 0.0000 0.0000 0.0000 0.0000 0.2373 0.0000 0.0000 
0.0000 0.0294 0.9706 0.0000 0.0000 0.0000 0.0000 0.0000 0.0000 0.0000 0.0000 
0.0000 0.0000 1.0000 0.0000 0.0000 0.0000 0.0000 0.0000 0.0000 0.0000 0.0000 
0.0000 0.0000 1.0000 0.0000 0.0000 0.0000 0.0000 0.0000 0.0000 0.0000 0.0000 
0.0000 0.0000 0.6790 0.0000 0.0000 0.0000 0.0000 0.0000 0.3210 0.0000 0.0000 

0.0934 0.1102 0.0919 0.1233 0.1299 0.0633 0.0639 0.0755 0.1065 0.0627 0.0794 
0.0978 0.0000 0.8139 0.0000 0.0000 0.0000 0.0883 0.0000 0.0000 0.0000 0.0000 
0.0168 0.0000 0.5352 0.0000 0.0000 0.0000 0.0000 0.0000 0.4480 0.0000 0.0000 
0.0900 0.0000 0.9035 0.0000 0.0000 0.0000 0.0064 0.0000 0.0000 0.0000 0.0000 
0.0114 0.0000 0.9848 0.0000 0.0000 0.0000 0.0038 0.0000 0.0000 0.0000 0.0000 
0.0043 0.0000 0.9957 0.0000 0.0000 0.0000 0.0000 0.0000 0.0000 0.0000 0.0000 
0.1379 0.0186 0.7427 0.0000 0.0000 0.0000 0.0902 0.0000 0.0106 0.0000 0.0000 
0.0544 0.0000 0.9116 0.0000 0.0000 0.0000 0.0068 0.0000 0.0272 0.0000 0.0000 
0.0255 0.0000 0.9745 0.0000 0.0000 0.0000 0.0000 0.0000 0.0000 0.0000 0.0000 
0.0862 0.0017 0.4793 0.0000 0.0000 0.0000 0.0000 0.0000 0.4224 0.0000 0.0103 
0.0934 0.1102 0.0919 0.1233 0.1299 0.0633 0.0639 0.0755 0.1065 0.0627 0.0794 
0.1885 0.0833 0.3090 0.0000 0.0000 0.0038 0.0897 0.0000 0.3231 0.0000 0.0026 
0.1235 0.0000 0.4107 0.0000 0.0000 0.0000 0.0040 0.0000 0.4617 0.0000 0.0000 
0.1469 0.0664 0.3523 0.0000 0.0000 0.0000 0.0632 0.0000 0.3712 0.0000 0.0000 
0.0704 0.0000 0.4422 0.0000 0.0000 0.0000 0.0050 0.0000 0.4824 0.0000 0.0000 
0.0460 0.0000 0.4436 0.0000 0.0000 0.0000 0.0000 0.0000 0.5104 0.0000 0.0000 
0.1458 0.0833 0.3320 0.0000 0.0000 0.0026 0.0560 0.0000 0.3802 0.0000 0.0000 
0.0832 0.0031 0.4223 0.0000 0.0000 0.0000 0.0110 0.0000 0.4804 0.0000 0.0000 
0.0717 0.0000 0.4381 0.0000 0.0000 0.0000 0.0016 0.0000 0.4886 0.0000 0.0000 
0.1554 0.0028 0.3755 0.0000 0.0000 0.0000 0.0028 0.0000 0.4635 0.0000 0.0000 
0.0934 0.1102 0.0919 0.1233 0.1299 0.0633 0.0639 0.0755 0.1065 0.0627 0.0794 
0.1311 0.2342 0.1682 0.0000 0.0000 0.0000 0.0796 0.0000 0.2441 0.0000 0.1429 
0.1370 0.0335 0.4278 0.0000 0.2343 0.0000 0.0209 0.0000 0.1464 0.0000 0.0000 
0.0955 0.2507 0.1463 0.0000 0.0000 0.0000 0.0418 0.0000 0.3896 0.0000 0.0761 
0.0276 0.0829 0.1080 0.0000 0.0000 0.0000 0.0050 0.0000 0.7764 0.0000 0.0000 
0.0000 0.0625 0.0164 0.0000 0.0000 0.0000 0.0000 0.0000 0.9211 0.0000 0.0000 
0.1287 0.2336 0.1697 0.0000 0.0000 0.0000 0.0591 0.0000 0.2450 0.0000 0.1640 
0.0637 0.1478 0.1170 0.0000 0.0000 0.0000 0.0390 0.0000 0.6242 0.0000 0.0082 
0.0277 0.0932 0.0957 0.0000 0.0000 0.0000 0.0025 0.0000 0.7809 0.0000 0.0000 
0.0437 0.0153 0.4238 0.0000 0.4510 0.0000 0.0000 0.0000 0.0661 0.0000 0.0000 
0.0934 0.1102 0.0919 0.1233 0.1299 0.0633 0.0639 0.0755 0.1065 0.0627 0.0794 
0.0746 0.1750 0.4587 0.0000 0.0000 0.0000 0.1637 0.0000 0.1264 0.0000 0.0016 
0.0099 0.0234 0.3645 0.0000 0.1589 0.0000 0.0209 0.0000 0.4224 0.0000 0.0000 
0.0308 0.1354 0.6369 0.0000 0.0000 0.0000 0.1415 0.0000 0.0554 0.0000 0.0000 
0.0023 0.0205 0.4396 0.0000 0.0000 0.0000 0.0159 0.0000 0.5216 0.0000 0.0000 
0.0000 0.0015 0.2895 0.0000 0.0789 0.0000 0.0044 0.0000 0.6257 0.0000 0.0000 
0.0495 0.1436 0.5520 0.0000 0.0000 0.0000 0.1436 0.0000 0.1089 0.0000 0.0025 
0.0030 0.0243 0.5471 0.0000 0.0000 0.0000 0.0486 0.0000 0.3769 0.0000 0.0000 
0.0000 0.0000 0.5948 0.0000 0.0000 0.0000 0.0196 0.0000 0.3856 0.0000 0.0000 
0.0026 0.0065 0.3987 0.0000 0.0039 0.0000 0.0208 0.0000 0.5675 0.0000 0.0000 

0.1029 0.0095 0.0201 0.0159 0.0244 0.1612 0.2025 0.1389 0.0212 0.1782 0.1251 
0.2175 0.0576 0.2770 0.0019 0.0000 0.0000 0.2007 0.0000 0.2454 0.0000 0.0000 
0.4648 0.0000 0.4141 0.0000 0.0000 0.0000 0.0977 0.0000 0.0000 0.0000 0.0234 
0.3249 0.0560 0.3165 0.0000 0.0000 0.0000 0.2101 0.0000 0.0924 0.0000 0.0000 
0.1731 0.0000 0.5230 0.0000 0.0000 0.0000 0.0495 0.0000 0.2544 0.0000 0.0000 
0.1610 0.0000 0.8341 0.0000 0.0000 0.0000 0.0049 0.0000 0.0000 0.0000 0.0000 
0.2251 0.1488 0.1423 0.0065 0.0000 0.0000 0.1772 0.0000 0.2846 0.0116 0.0039 
0.1325 0.0018 0.2314 0.0000 0.0000 0.0000 0.0972 0.0000 0.5371 0.0000 0.0000 
0.2383 0.0000 0.6121 0.0000 0.0000 0.0000 0.0187 0.0000 0.1308 0.0000 0.0000 
0.4564 0.2394 0.0748 0.0000 0.0000 0.0000 0.0499 0.0000 0.0000 0.0000 0.1796 
0.1029 0.0095 0.0201 0.0159 0.0244 0.1612 0.2025 0.1389 0.0212 0.1782 0.1251 
0.2158 0.1463 0.1764 0.0009 0.0000 0.0797 0.1604 0.0000 0.1914 0.0000 0.0291 
0.5556 0.1190 0.0979 0.0000 0.0000 0.0000 0.1693 0.0000 0.0503 0.0000 0.0079 
0.2346 0.1283 0.2346 0.0011 0.0000 0.0351 0.1064 0.0000 0.2368 0.0000 0.0230 
0.2688 0.0336 0.3103 0.0000 0.0000 0.0000 0.0632 0.0000 0.3221 0.0000 0.0020 
0.3038 0.0177 0.3392 0.0000 0.0147 0.0000 0.0147 0.0000 0.3038 0.0000 0.0059 
0.2636 0.1595 0.1949 0.0000 0.0000 0.0454 0.1218 0.0000 0.1860 0.0000 0.0288 
0.3082 0.0648 0.2767 0.0000 0.0000 0.0035 0.0981 0.0000 0.2469 0.0000 0.0018 
0.2665 0.0351 0.3202 0.0000 0.0000 0.0000 0.0393 0.0000 0.3388 0.0000 0.0000 
0.6092 0.1785 0.0523 0.0000 0.0000 0.0031 0.1138 0.0000 0.0369 0.0000 0.0062 
0.1029 0.0095 0.0201 0.0159 0.0244 0.1612 0.2025 0.1389 0.0212 0.1782 0.1251 
0.1774 0.1242 0.1879 0.1393 0.0000 0.0480 0.1367 0.0223 0.0099 0.0007 0.1537 
0.2400 0.2248 0.0257 0.1014 0.0068 0.0000 0.1537 0.0000 0.2407 0.0000 0.0068 
0.2170 0.2067 0.2727 0.0040 0.0000 0.0111 0.0898 0.0000 0.0119 0.0000 0.1868 
0.1798 0.2070 0.3816 0.0000 0.0000 0.0000 0.0517 0.0000 0.1617 0.0000 0.0181 
0.0748 0.1869 0.2897 0.0000 0.0000 0.0000 0.0327 0.0000 0.4089 0.0000 0.0070 
0.1920 0.1399 0.2044 0.1077 0.0000 0.0357 0.1317 0.0233 0.0158 0.0007 0.1488 
0.2167 0.2276 0.3212 0.0000 0.0000 0.0000 0.0837 0.0000 0.0867 0.0000 0.0640 
0.1618 0.2193 0.4091 0.0000 0.0000 0.0000 0.0401 0.0000 0.1524 0.0000 0.0174 
0.2638 0.1747 0.1202 0.0043 0.0657 0.0000 0.0519 0.0000 0.3149 0.0000 0.0043 
0.1029 0.0095 0.0201 0.0159 0.0244 0.1612 0.2025 0.1389 0.0212 0.1782 0.1251 
0.1356 0.2337 0.1120 0.0132 0.0000 0.0007 0.1474 0.0160 0.2684 0.0000 0.0730 
0.1084 0.2938 0.1226 0.0000 0.2715 0.0000 0.1439 0.0000 0.0071 0.0000 0.0527 
0.1138 0.2146 0.1920 0.0009 0.0000 0.0000 0.1268 0.0009 0.3319 0.0000 0.0191 
0.0498 0.1517 0.2876 0.0000 0.0947 0.0000 0.0898 0.0000 0.3252 0.0000 0.0012 
0.0343 0.0852 0.3159 0.0000 0.3956 0.0000 0.0426 0.0000 0.0797 0.0000 0.0467 
0.1217 0.2052 0.1865 0.0000 0.0000 0.0000 0.1341 0.0009 0.3428 0.0000 0.0089 
0.0442 0.1043 0.3031 0.0000 0.0000 0.0000 0.1067 0.0000 0.4417 0.0000 0.0000 
0.0229 0.0620 0.3356 0.0000 0.0000 0.0000 0.0782 0.0000 0.5013 0.0000 0.0000 
0.1557 0.1939 0.1237 0.0000 0.2534 0.0000 0.2519 0.0000 0.0168 0.0000 0.0046 

0.0388 0.0000 0.0000 0.0000 0.0000 0.2198 0.1940 0.1810 0.0000 0.2371 0.1293 
0.1885 0.1349 0.0139 0.0635 0.0020 0.0188 0.1974 0.0040 0.3095 0.0486 0.0188 
0.4471 0.0907 0.0086 0.0000 0.0000 0.0000 0.3240 0.0000 0.0000 0.0022 0.1274 
0.2295 0.1372 0.0056 0.0270 0.0112 0.0000 0.1957 0.0000 0.3836 0.0079 0.0022 
0.2329 0.0048 0.0128 0.0000 0.0000 0.0000 0.1340 0.0000 0.6156 0.0000 0.0000 
0.6792 0.0000 0.1132 0.0000 0.0063 0.0000 0.1509 0.0000 0.0503 0.0000 0.0000 
0.1382 0.1666 0.0033 0.1027 0.0309 0.0408 0.1501 0.0250 0.1777 0.0645 0.1001 
0.2812 0.1381 0.0150 0.0000 0.0000 0.0000 0.2363 0.0000 0.3128 0.0000 0.0166 
0.2268 0.0411 0.0122 0.0000 0.0000 0.0000 0.0974 0.0000 0.6225 0.0000 0.0000 
0.2251 0.3796 0.0000 0.0000 0.0000 0.0122 0.2092 0.0000 0.0000 0.0000 0.1740 
0.0388 0.0000 0.0000 0.0000 0.0000 0.2198 0.1940 0.1810 0.0000 0.2371 0.1293 
0.0788 0.1765 0.0110 0.0658 0.0000 0.2014 0.1715 0.0638 0.0160 0.0349 0.1805 
0.2340 0.3413 0.0016 0.0048 0.0000 0.0176 0.2869 0.0000 0.0000 0.0000 0.1138 
0.1004 0.1455 0.0118 0.0812 0.1846 0.1529 0.1374 0.0244 0.0222 0.0185 0.1211 
0.4635 0.2065 0.0428 0.0000 0.0000 0.0101 0.2217 0.0000 0.0202 0.0000 0.0353 
0.3386 0.1585 0.0274 0.0352 0.1742 0.0000 0.1252 0.0000 0.0078 0.0000 0.1331 
0.1072 0.1867 0.0133 0.0055 0.0000 0.2088 0.2287 0.0177 0.0122 0.0033 0.2166 
0.4052 0.2600 0.0234 0.0000 0.0000 0.0234 0.2436 0.0000 0.0117 0.0000 0.0328 
0.5114 0.2057 0.0286 0.0000 0.0000 0.0057 0.2057 0.0000 0.0314 0.0000 0.0114 
0.2213 0.3328 0.0017 0.0000 0.0000 0.0261 0.3258 0.0000 0.0000 0.0000 0.0923 
0.0388 0.0000 0.0000 0.0000 0.0000 0.2198 0.1940 0.1810 0.0000 0.2371 0.1293 
0.0450 0.0123 0.0136 0.1929 0.1759 0.1643 0.1111 0.1561 0.0000 0.0750 0.0539 
0.0395 0.1349 0.0000 0.2771 0.0000 0.0995 0.2007 0.1234 0.0329 0.0000 0.0921 
0.1240 0.0424 0.0474 0.2496 0.0000 0.1389 0.2097 0.0507 0.0008 0.0008 0.1356 
0.2892 0.2530 0.1752 0.0088 0.0044 0.0033 0.1490 0.0000 0.0099 0.0000 0.1073 
0.2225 0.2795 0.3894 0.0000 0.0000 0.0000 0.0611 0.0000 0.0217 0.0000 0.0258 
0.0496 0.0137 0.0122 0.2308 0.0899 0.1733 0.1373 0.1833 0.0000 0.0532 0.0568 
0.1404 0.1058 0.0758 0.0758 0.2907 0.0229 0.1535 0.0078 0.0026 0.0000 0.1248 
0.3008 0.2542 0.1709 0.0067 0.0166 0.0022 0.1321 0.0000 0.0089 0.0000 0.1077 
0.1101 0.1905 0.0007 0.2653 0.0000 0.0388 0.2124 0.0677 0.0543 0.0000 0.0600 
0.0388 0.0000 0.0000 0.0000 0.0000 0.2198 0.1940 0.1810 0.0000 0.2371 0.1293 
0.1147 0.0267 0.0075 0.2027 0.1615 0.1001 0.0729 0.1227 0.0181 0.0262 0.1469 
0.2252 0.1846 0.0021 0.0000 0.1099 0.0043 0.2700 0.0000 0.0000 0.0000 0.2038 
0.1317 0.1102 0.0242 0.2072 0.0529 0.0441 0.1102 0.0760 0.0551 0.0083 0.1802 
0.1520 0.2542 0.0231 0.0000 0.2693 0.0009 0.1956 0.0000 0.0027 0.0000 0.1022 
0.1451 0.2856 0.0240 0.0028 0.1423 0.0166 0.1433 0.0018 0.0000 0.0000 0.2384 
0.1862 0.1592 0.0270 0.0868 0.0699 0.0379 0.1634 0.0918 0.0590 0.0000 0.1188 
0.1563 0.2844 0.0399 0.0000 0.2466 0.0000 0.2235 0.0000 0.0168 0.0000 0.0325 
0.1898 0.3075 0.0402 0.0000 0.1704 0.0000 0.2632 0.0000 0.0139 0.0000 0.0152 
0.1863 0.2666 0.0018 0.0000 0.2712 0.0055 0.2325 0.0000 0.0000 0.0000 0.0360 

0.0315 0.0000 0.0000 0.0000 0.0000 0.3780 0.1024 0.2835 0.0000 0.1654 0.0394 
0.0919 0.1441 0.0007 0.1481 0.0991 0.1223 0.0846 0.0681 0.0370 0.1104 0.0939 
0.1499 0.2648 0.0000 0.0000 0.0077 0.1039 0.2659 0.0186 0.0000 0.0044 0.1849 
0.0908 0.1626 0.0000 0.1339 0.2131 0.0526 0.1195 0.0355 0.0861 0.0526 0.0533 
0.3362 0.1525 0.0017 0.0087 0.0381 0.0069 0.3692 0.0000 0.0728 0.0000 0.0139 
0.2164 0.0370 0.0041 0.0000 0.1767 0.0000 0.1630 0.0000 0.4000 0.0000 0.0027 
0.0262 0.0620 0.0000 0.1467 0.1920 0.1346 0.0423 0.1406 0.0030 0.1220 0.1305 
0.2132 0.2370 0.0011 0.0363 0.0204 0.0578 0.2528 0.0113 0.0000 0.0306 0.1395 
0.3188 0.2573 0.0000 0.0000 0.0307 0.0016 0.2751 0.0000 0.1019 0.0000 0.0146 
0.0988 0.1353 0.0000 0.0000 0.0198 0.1398 0.3328 0.0547 0.0000 0.0122 0.2067 
0.0315 0.0000 0.0000 0.0000 0.0000 0.3780 0.1024 0.2835 0.0000 0.1654 0.0394 
0.0091 0.0668 0.0000 0.2830 0.0076 0.0819 0.0432 0.1958 0.0000 0.1593 0.1533 
0.0439 0.1845 0.0000 0.0776 0.0000 0.1800 0.2328 0.0157 0.0000 0.0011 0.2643 
0.0156 0.0602 0.0005 0.2004 0.1298 0.0691 0.0644 0.1537 0.0000 0.1719 0.1345 
0.1431 0.2752 0.0016 0.0220 0.0000 0.1494 0.2767 0.0016 0.0000 0.0000 0.1305 
0.0894 0.1542 0.0006 0.1977 0.1957 0.0493 0.1050 0.0259 0.0000 0.0071 0.1750 
0.0235 0.0920 0.0000 0.1422 0.0000 0.1476 0.1123 0.1829 0.0000 0.0652 0.2342 
0.0900 0.2370 0.0032 0.0016 0.0000 0.1896 0.3286 0.0000 0.0000 0.0000 0.1501 
0.1834 0.3195 0.0039 0.0000 0.0000 0.0848 0.3294 0.0000 0.0000 0.0000 0.0789 
0.0504 0.1904 0.0000 0.0000 0.0000 0.1978 0.2654 0.0025 0.0000 0.0000 0.2936 
0.0315 0.0000 0.0000 0.0000 0.0000 0.3780 0.1024 0.2835 0.0000 0.1654 0.0394 
0.0039 0.0000 0.0000 0.0066 0.3084 0.1129 0.0367 0.1877 0.0000 0.3215 0.0223 
0.0046 0.0080 0.0000 0.0331 0.0000 0.3398 0.0331 0.3295 0.0011 0.0000 0.2509 
0.0101 0.0008 0.0000 0.1506 0.3525 0.1514 0.0660 0.2189 0.0000 0.0194 0.0303 
0.0557 0.0481 0.0007 0.1568 0.2983 0.0906 0.1693 0.0272 0.0007 0.0000 0.1526 
0.2891 0.2070 0.1094 0.0299 0.0000 0.0273 0.1797 0.0013 0.0026 0.0000 0.1536 
0.0073 0.0000 0.0000 0.0228 0.3894 0.1070 0.0436 0.1277 0.0000 0.2814 0.0208 
0.0260 0.0235 0.0000 0.2739 0.0461 0.1817 0.1139 0.1951 0.0000 0.0000 0.1399 
0.0666 0.0456 0.0007 0.1418 0.3162 0.0789 0.1802 0.0159 0.0007 0.0000 0.1534 
0.0018 0.0136 0.0000 0.1083 0.0000 0.2766 0.1201 0.2985 0.0027 0.0000 0.1783 
0.0315 0.0000 0.0000 0.0000 0.0000 0.3780 0.1024 0.2835 0.0000 0.1654 0.0394 
0.0244 0.0000 0.0000 0.0792 0.1817 0.1817 0.0284 0.1442 0.0000 0.2731 0.0873 
0.2064 0.0241 0.0000 0.0845 0.0000 0.2440 0.0992 0.1247 0.0000 0.0013 0.2158 
0.0629 0.0051 0.0006 0.0690 0.2267 0.1543 0.0466 0.1403 0.0000 0.2166 0.0780 
0.2074 0.0758 0.0000 0.0426 0.1127 0.1023 0.1449 0.0606 0.0000 0.0000 0.2538 
0.2057 0.1011 0.0009 0.0951 0.0034 0.1979 0.1911 0.0514 0.0000 0.0206 0.1328 
0.0623 0.0117 0.0011 0.1934 0.2307 0.1434 0.0428 0.1434 0.0000 0.0250 0.1462 
0.2130 0.1240 0.0020 0.0120 0.2600 0.0300 0.1400 0.0320 0.0000 0.0000 0.1870 
0.2105 0.1872 0.0019 0.0029 0.2609 0.0233 0.1853 0.0087 0.0000 0.0000 0.1193 
0.2176 0.0988 0.0000 0.0240 0.0494 0.1669 0.0841 0.0868 0.0000 0.0000 0.2724 

0.0000 0.0000 0.0000 0.0000 0.0000 0.4359 0.1026 0.2821 0.0000 0.1538 0.0256 
0.0128 0.0726 0.0000 0.1271 0.2199 0.1123 0.0188 0.1654 0.0000 0.1284 0.1426 
0.0225 0.1769 0.0000 0.0434 0.1127 0.1587 0.0668 0.2134 0.0000 0.0564 0.1492 
0.0095 0.0686 0.0000 0.1527 0.1053 0.1574 0.0343 0.1728 0.0000 0.1337 0.1657 
0.0762 0.1494 0.0000 0.0739 0.3049 0.1242 0.1166 0.0450 0.0000 0.0404 0.0694 
0.1436 0.1276 0.0000 0.0045 0.3051 0.0187 0.1811 0.0054 0.1722 0.0223 0.0196 
0.0114 0.0038 0.0000 0.0914 0.1371 0.1695 0.0248 0.2190 0.0000 0.2095 0.1333 
0.0272 0.1077 0.0000 0.1213 0.2245 0.1395 0.0380 0.1332 0.0000 0.0782 0.1304 
0.0687 0.2021 0.0000 0.0299 0.2684 0.0622 0.1552 0.0331 0.0000 0.0348 0.1455 
0.0167 0.0021 0.0000 0.0104 0.1627 0.2440 0.0803 0.2857 0.0000 0.1011 0.0970 
0.0000 0.0000 0.0000 0.0000 0.0000 0.4359 0.1026 0.2821 0.0000 0.1538 0.0256 
0.0034 0.0112 0.0000 0.0673 0.4411 0.0572 0.0157 0.1167 0.0000 0.2132 0.0741 
0.0108 0.0668 0.0000 0.2394 0.1084 0.2096 0.0307 0.1852 0.0000 0.0126 0.1364 
0.0048 0.0598 0.0000 0.0072 0.0000 0.1459 0.1029 0.2679 0.0000 0.2967 0.1148 
0.0313 0.1277 0.0000 0.1810 0.0025 0.2039 0.1286 0.0804 0.0000 0.0144 0.2301 
0.0239 0.1059 0.0000 0.1183 0.0711 0.1825 0.1155 0.2051 0.0000 0.0800 0.0977 
0.0032 0.0263 0.0000 0.3109 0.0411 0.0727 0.0285 0.2360 0.0000 0.2297 0.0516 
0.0348 0.1379 0.0000 0.0410 0.0000 0.2671 0.1354 0.0609 0.0000 0.0050 0.3180 
0.0482 0.1713 0.0000 0.0178 0.0000 0.2766 0.2018 0.0076 0.0000 0.0025 0.2741 
0.0124 0.1119 0.0000 0.0994 0.0014 0.3591 0.0718 0.1312 0.0000 0.0041 0.2086 
0.0000 0.0000 0.0000 0.0000 0.0000 0.4359 0.1026 0.2821 0.0000 0.1538 0.0256 
0.0123 0.0000 0.0000 0.0000 0.0288 0.2593 0.0288 0.2016 0.0000 0.4568 0.0123 
0.0000 0.0000 0.0000 0.0000 0.0000 0.2815 0.0168 0.2185 0.0000 0.0000 0.4832 
0.0023 0.0000 0.0000 0.0023 0.1062 0.1570 0.0439 0.2079 0.0000 0.4619 0.0185 
0.0056 0.0047 0.0000 0.2371 0.0640 0.2437 0.0687 0.2540 0.0000 0.0028 0.1195 
0.0753 0.0333 0.0000 0.2485 0.0059 0.1693 0.2123 0.0460 0.0000 0.0000 0.2094 
0.0040 0.0000 0.0000 0.0000 0.0000 0.2302 0.0357 0.2063 0.0000 0.5119 0.0119 
0.0059 0.0020 0.0000 0.1120 0.0000 0.3418 0.0452 0.3674 0.0000 0.0177 0.1081 
0.0045 0.0045 0.0000 0.2574 0.0432 0.2304 0.0819 0.2646 0.0000 0.0009 0.1125 
0.0000 0.0000 0.0000 0.0000 0.0000 0.3822 0.0201 0.1523 0.0000 0.0000 0.4454 
0.0000 0.0000 0.0000 0.0000 0.0000 0.4359 0.1026 0.2821 0.0000 0.1538 0.0256 
0.0199 0.0000 0.0000 0.0000 0.0000 0.2384 0.0265 0.1556 0.0000 0.5066 0.0530 
0.0213 0.0000 0.0000 0.3454 0.0000 0.2529 0.0149 0.2774 0.0000 0.0085 0.0797 
0.0224 0.0000 0.0000 0.0000 0.0000 0.3209 0.0784 0.2052 0.0000 0.3284 0.0448 
0.0512 0.0000 0.0000 0.2948 0.0000 0.2389 0.0326 0.2273 0.0000 0.0776 0.0776 
0.0535 0.0078 0.0000 0.2832 0.0000 0.1621 0.0535 0.2312 0.0000 0.1699 0.0388 
0.0152 0.0000 0.0000 0.0826 0.0034 0.2007 0.0304 0.1298 0.0000 0.4098 0.1282 
0.0887 0.0117 0.0000 0.1667 0.0049 0.2563 0.0390 0.2242 0.0000 0.0019 0.2066 
0.0975 0.0331 0.0000 0.0789 0.0916 0.2443 0.0399 0.1849 0.0000 0.0017 0.2282 
0.0307 0.0050 0.0000 0.2000 0.0000 0.2980 0.0040 0.2743 0.0000 0.0010 0.1871 

0.0000 0.0000 0.0000 0.0000 0.0000 0.6522 0.0000 0.2609 0.0000 0.0870 0.0000 
0.0075 0.0176 0.0000 0.0553 0.0528 0.1608 0.0226 0.2211 0.0000 0.1960 0.2663 
0.0000 0.0113 0.0000 0.1889 0.2285 0.1435 0.0047 0.1832 0.0000 0.1737 0.0661 
0.0041 0.0081 0.0000 0.0448 0.0000 0.1813 0.0285 0.2098 0.0000 0.2872 0.2363 
0.0049 0.1144 0.0000 0.1768 0.0477 0.1388 0.0190 0.2061 0.0000 0.1260 0.1664 
0.0226 0.1504 0.0000 0.1373 0.0166 0.1474 0.0725 0.1617 0.0042 0.1124 0.1748 
0.0134 0.0000 0.0000 0.0000 0.0000 0.3624 0.0268 0.2617 0.0000 0.2349 0.1007 
0.0030 0.0168 0.0000 0.2241 0.0849 0.1372 0.0099 0.1994 0.0000 0.2142 0.1106 
0.0055 0.0379 0.0000 0.1620 0.0911 0.1785 0.0379 0.2029 0.0000 0.1436 0.1406 
0.0011 0.0000 0.0000 0.1605 0.2689 0.1277 0.0124 0.1831 0.0000 0.2011 0.0452 
0.0000 0.0000 0.0000 0.0000 0.0000 0.6522 0.0000 0.2609 0.0000 0.0870 0.0000 
0.0000 0.0000 0.0000 0.0000 0.4181 0.0991 0.0086 0.1810 0.0000 0.2284 0.0647 
0.0000 0.0043 0.0000 0.1697 0.3255 0.0838 0.0129 0.2320 0.0000 0.1332 0.0387 
0.0270 0.0000 0.0000 0.0000 0.0000 0.3333 0.0631 0.3784 0.0000 0.1532 0.0450 
0.0025 0.0428 0.0000 0.1676 0.2968 0.0706 0.0271 0.1934 0.0000 0.1254 0.0737 
0.0310 0.0327 0.0000 0.0065 0.0000 0.1879 0.1356 0.2190 0.0000 0.3644 0.0229 
0.0029 0.0029 0.0000 0.0980 0.4547 0.0599 0.0073 0.0892 0.0000 0.2719 0.0132 
0.0011 0.0785 0.0000 0.2803 0.0146 0.1357 0.0135 0.2904 0.0000 0.0684 0.1177 
0.0078 0.0914 0.0000 0.1914 0.0010 0.1856 0.0690 0.2119 0.0000 0.0466 0.1953 
0.0000 0.0142 0.0000 0.3046 0.1039 0.0720 0.0071 0.3766 0.0000 0.0708 0.0508 
0.0000 0.0000 0.0000 0.0000 0.0000 0.6522 0.0000 0.2609 0.0000 0.0870 0.0000 
0.0000 0.0000 0.0000 0.0000 0.0000 0.3425 0.0274 0.2877 0.0000 0.3425 0.0000 
0.0000 0.0000 0.0000 0.0000 0.0000 0.1967 0.0000 0.0984 0.0000 0.1148 0.5902 
0.0000 0.0000 0.0000 0.0000 0.0000 0.1362 0.0093 0.1207 0.0000 0.7276 0.0062 
0.0000 0.0000 0.0000 0.0470 0.0000 0.2915 0.0188 0.4639 0.0000 0.0815 0.0972 
0.0035 0.0014 0.0000 0.1523 0.3172 0.1846 0.0554 0.2056 0.0000 0.0042 0.0758 
0.0000 0.0000 0.0000 0.0000 0.0000 0.4853 0.0294 0.1471 0.0000 0.3382 0.0000 
0.0000 0.0000 0.0000 0.0000 0.0000 0.2691 0.0090 0.2108 0.0000 0.4439 0.0673 
0.0000 0.0000 0.0000 0.0370 0.0000 0.3611 0.0278 0.4074 0.0000 0.0463 0.1204 
0.0000 0.0000 0.0000 0.0000 0.0000 0.1053 0.0000 0.2237 0.0000 0.0921 0.5789 
0.0000 0.0000 0.0000 0.0000 0.0000 0.6522 0.0000 0.2609 0.0000 0.0870 0.0000 
0.0000 0.0000 0.0000 0.0000 0.0000 0.4507 0.0282 0.2394 0.0000 0.2817 0.0000 
0.0000 0.0000 0.0000 0.2632 0.0000 0.1483 0.0000 0.2297 0.0000 0.3158 0.0431 
0.0227 0.0000 0.0000 0.0000 0.0000 0.5000 0.0455 0.3068 0.0000 0.1250 0.0000 
0.0033 0.0000 0.0000 0.1227 0.0000 0.1080 0.0065 0.1555 0.0000 0.5794 0.0245 
0.0234 0.0000 0.0000 0.0545 0.0000 0.0883 0.0442 0.2234 0.0000 0.5610 0.0052 
0.0036 0.0000 0.0000 0.0000 0.0000 0.2043 0.0072 0.0932 0.0000 0.6595 0.0323 
0.0125 0.0000 0.0000 0.3691 0.0000 0.2207 0.0050 0.2219 0.0000 0.0973 0.0736 
0.0144 0.0000 0.0000 0.3619 0.0000 0.1742 0.0082 0.2227 0.0000 0.1330 0.0856 
0.0000 0.0000 0.0000 0.4386 0.0000 0.1105 0.0000 0.2474 0.0000 0.1018 0.1018 

0.0000 0.0000 0.0000 0.0000 0.0000 0.2778 0.0000 0.7222 0.0000 0.0000 0.0000 
0.0000 0.0000 0.0000 0.0000 0.0000 0.3368 0.0000 0.3263 0.0000 0.1474 0.1895 
0.0000 0.0000 0.0000 0.3293 0.2108 0.0976 0.0000 0.0645 0.0000 0.2613 0.0366 
0.0000 0.0000 0.0000 0.0000 0.0000 0.3287 0.0140 0.1888 0.0000 0.3147 0.1538 
0.0000 0.0430 0.0000 0.1805 0.0000 0.1341 0.0066 0.1325 0.0000 0.3113 0.1921 
0.0009 0.0642 0.0000 0.2258 0.0000 0.1634 0.0257 0.1702 0.0000 0.1993 0.1506 
0.0000 0.0000 0.0000 0.0000 0.0000 0.5854 0.0000 0.2439 0.0000 0.1463 0.0244 
0.0043 0.0000 0.0000 0.1169 0.0000 0.2251 0.0043 0.1472 0.0000 0.4026 0.0996 
0.0030 0.0030 0.0000 0.2924 0.0000 0.1469 0.0105 0.1574 0.0000 0.2669 0.1199 
0.0000 0.0000 0.0000 0.4112 0.1738 0.0766 0.0019 0.0467 0.0000 0.2729 0.0168 
0.0000 0.0000 0.0000 0.0000 0.0000 0.2778 0.0000 0.7222 0.0000 0.0000 0.0000 
0.0000 0.0000 0.0000 0.0000 0.0000 0.4314 0.0196 0.2549 0.0000 0.2353 0.0588 
0.0000 0.0000 0.0000 0.0140 0.2163 0.0506 0.0028 0.1376 0.0000 0.5674 0.0112 
0.0000 0.0000 0.0000 0.0000 0.0000 0.5854 0.0244 0.2439 0.0000 0.0732 0.0732 
0.0000 0.0166 0.0000 0.0143 0.0618 0.1021 0.0119 0.1948 0.0000 0.5724 0.0261 
0.0053 0.0000 0.0000 0.0000 0.0000 0.1895 0.0579 0.1000 0.0000 0.6368 0.0105 
0.0000 0.0000 0.0000 0.0000 0.6777 0.0711 0.0047 0.0995 0.0000 0.1422 0.0047 
0.0000 0.0173 0.0000 0.1919 0.3656 0.0298 0.0029 0.1689 0.0000 0.1958 0.0278 
0.0000 0.0197 0.0000 0.2761 0.1252 0.0444 0.0099 0.2465 0.0000 0.2396 0.0385 
0.0000 0.0013 0.0000 0.2116 0.4155 0.0026 0.0000 0.1045 0.0000 0.2490 0.0155 
0.0000 0.0000 0.0000 0.0000 0.0000 0.2778 0.0000 0.7222 0.0000 0.0000 0.0000 
0.0000 0.0000 0.0000 0.0000 0.0000 0.3000 0.0000 0.4333 0.0000 0.2667 0.0000 
0.0000 0.0000 0.0000 0.0000 0.0000 0.0128 0.0000 0.0128 0.0000 0.9295 0.0449 
0.0000 0.0000 0.0000 0.0000 0.0000 0.2182 0.0000 0.1455 0.0000 0.6364 0.0000 
0.0000 0.0000 0.0000 0.0000 0.0000 0.0598 0.0000 0.1453 0.0000 0.7521 0.0427 
0.0000 0.0000 0.0000 0.0140 0.0979 0.0956 0.0163 0.2937 0.0000 0.4149 0.0676 
0.0000 0.0000 0.0000 0.0000 0.0000 0.5000 0.0000 0.4167 0.0000 0.0833 0.0000 
0.0000 0.0000 0.0000 0.0000 0.0000 0.0513 0.0000 0.0440 0.0000 0.8974 0.0073 
0.0000 0.0000 0.0000 0.0000 0.0000 0.0618 0.0039 0.1351 0.0000 0.7568 0.0425 
0.0000 0.0000 0.0000 0.0000 0.0000 0.0000 0.0000 0.0333 0.0000 0.8800 0.0867 
0.0000 0.0000 0.0000 0.0000 0.0000 0.2778 0.0000 0.7222 0.0000 0.0000 0.0000 
0.0000 0.0000 0.0000 0.0000 0.0000 0.5000 0.0000 0.2857 0.0000 0.2143 0.0000 
0.0000 0.0000 0.0000 0.0081 0.0000 0.0407 0.0000 0.0935 0.0000 0.8455 0.0122 
0.0000 0.0000 0.0000 0.0000 0.0000 0.5600 0.0000 0.4400 0.0000 0.0000 0.0000 
0.0000 0.0000 0.0000 0.0000 0.0000 0.1765 0.0000 0.2824 0.0000 0.5294 0.0118 
0.0000 0.0000 0.0000 0.0000 0.0000 0.0732 0.0244 0.4146 0.0000 0.4756 0.0122 
0.0000 0.0000 0.0000 0.0000 0.0000 0.3448 0.0000 0.1897 0.0000 0.4655 0.0000 
0.0000 0.0000 0.0000 0.0551 0.0000 0.0709 0.0000 0.0919 0.0000 0.7585 0.0236 
0.0000 0.0000 0.0000 0.1160 0.0000 0.0350 0.0000 0.0810 0.0000 0.7396 0.0284 
0.0000 0.0000 0.0000 0.1172 0.0000 0.0195 0.0000 0.0312 0.0000 0.8125 0.0195 

0.0000 0.0000 0.0000 0.0000 0.0000 0.0000 0.0000 1.0000 0.0000 0.0000 0.0000 
0.0000 0.0000 0.0000 0.0000 0.0000 0.5641 0.0000 0.3333 0.0000 0.0256 0.0769 
0.0000 0.0000 0.0000 0.3974 0.0000 0.0861 0.0000 0.0331 0.0000 0.4636 0.0199 
0.0000 0.0000 0.0000 0.0000 0.0000 0.4390 0.0000 0.4390 0.0000 0.0976 0.0244 
0.0000 0.0000 0.0000 0.0000 0.0000 0.2039 0.0000 0.2039 0.0000 0.4951 0.0971 
0.0000 0.0183 0.0000 0.0000 0.0000 0.2936 0.0092 0.1927 0.0000 0.4495 0.0367 
0.0000 0.0000 0.0000 0.0000 0.0000 0.2353 0.0000 0.7647 0.0000 0.0000 0.0000 
0.0000 0.0000 0.0000 0.0000 0.0000 0.2174 0.0000 0.3261 0.0000 0.4130 0.0435 
0.0000 0.0000 0.0000 0.0337 0.0000 0.3034 0.0112 0.1798 0.0000 0.4607 0.0112 
0.0000 0.0000 0.0000 0.6290 0.0000 0.0538 0.0000 0.0108 0.0000 0.3011 0.0054 
0.0000 0.0000 0.0000 0.0000 0.0000 0.0000 0.0000 1.0000 0.0000 0.0000 0.0000 
0.0000 0.0000 0.0000 0.0000 0.0000 0.2941 0.0000 0.7059 0.0000 0.0000 0.0000 
0.0000 0.0000 0.0000 0.0000 0.0000 0.0075 0.0000 0.0896 0.0000 0.9030 0.0000 
0.0000 0.0000 0.0000 0.0000 0.0000 0.5000 0.1000 0.4000 0.0000 0.0000 0.0000 
0.0000 0.0000 0.0000 0.0000 0.0000 0.0862 0.0000 0.1724 0.0000 0.7069 0.0345 
0.0000 0.0000 0.0000 0.0000 0.0000 0.1500 0.1250 0.1000 0.0000 0.6000 0.0250 
0.0000 0.0000 0.0000 0.0000 0.3889 0.2222 0.0000 0.2778 0.0000 0.1111 0.0000 
0.0000 0.0030 0.0000 0.0476 0.3155 0.0030 0.0030 0.0357 0.0000 0.5923 0.0000 
0.0000 0.0000 0.0000 0.0150 0.6210 0.0017 0.0017 0.0367 0.0000 0.3239 0.0000 
0.0000 0.0000 0.0000 0.0212 0.3110 0.0000 0.0000 0.0106 0.0000 0.6572 0.0000 
0.0000 0.0000 0.0000 0.0000 0.0000 0.0000 0.0000 1.0000 0.0000 0.0000 0.0000 
0.0000 0.0000 0.0000 0.0000 0.0000 0.3333 0.0000 0.6667 0.0000 0.0000 0.0000 
0.0000 0.0000 0.0000 0.0000 0.0000 0.0000 0.0000 0.0040 0.0000 0.9920 0.0040 
0.0000 0.0000 0.0000 0.0000 0.0000 0.0000 0.0000 0.7500 0.0000 0.2500 0.0000 
0.0000 0.0000 0.0000 0.0000 0.0000 0.0039 0.0000 0.0195 0.0000 0.9727 0.0039 
0.0000 0.0000 0.0000 0.0000 0.0000 0.0067 0.0000 0.0936 0.0000 0.8729 0.0268 
0.0000 0.0000 0.0000 0.0000 0.0000 0.1111 0.0000 0.8889 0.0000 0.0000 0.0000 
0.0000 0.0000 0.0000 0.0000 0.0000 0.0000 0.0000 0.0352 0.0000 0.9577 0.0070 
0.0000 0.0000 0.0000 0.0000 0.0000 0.0000 0.0000 0.0456 0.0000 0.9468 0.0076 
0.0000 0.0000 0.0000 0.0000 0.0000 0.0000 0.0000 0.0036 0.0000 0.9891 0.0073 
0.0000 0.0000 0.0000 0.0000 0.0000 0.0000 0.0000 1.0000 0.0000 0.0000 0.0000 
0.0000 0.0000 0.0000 0.0000 0.0000 0.1875 0.0000 0.8125 0.0000 0.0000 0.0000 
0.0000 0.0000 0.0000 0.0000 0.0000 0.0207 0.0000 0.1034 0.0000 0.8759 0.0000 
0.0000 0.0000 0.0000 0.0000 0.0000 0.0769 0.0000 0.9231 0.0000 0.0000 0.0000 
0.0000 0.0000 0.0000 0.0000 0.0000 0.0667 0.0000 0.8667 0.0000 0.0667 0.0000 
0.0000 0.0000 0.0000 0.0000 0.0000 0.0833 0.0000 0.8333 0.0000 0.0833 0.0000 
0.0000 0.0000 0.0000 0.0000 0.0000 0.0000 0.0000 0.9091 0.0000 0.0909 0.0000 
0.0000 0.0000 0.0000 0.0000 0.0000 0.0210 0.0000 0.0909 0.0000 0.8741 0.0140 
0.0000 0.0000 0.0000 0.0000 0.0000 0.0667 0.0000 0.2222 0.0000 0.6889 0.0222 
0.0000 0.0000 0.0000 0.0000 0.0000 0.0000 0.0000 0.0352 0.0000 0.9548 0.0101 

0.0000 0.0000 0.0000 0.0000 0.0000 0.0000 0.0000 1.0000 0.0000 0.0000 0.0000 
0.0000 0.0000 0.0000 0.0000 0.0000 0.4500 0.0000 0.5500 0.0000 0.0000 0.0000 
0.0000 0.0000 0.0000 0.0400 0.0000 0.0400 0.0000 0.0400 0.0000 0.8800 0.0000 
0.0000 0.0000 0.0000 0.0000 0.0000 0.3750 0.0000 0.5000 0.0000 0.0000 0.1250 
0.0000 0.0000 0.0000 0.0000 0.0000 0.4000 0.0000 0.1000 0.0000 0.2000 0.3000 
0.0000 0.0000 0.0000 0.0000 0.0000 0.5333 0.0000 0.0667 0.0000 0.2667 0.1333 
0.0000 0.0000 0.0000 0.0000 0.0000 0.0000 0.0000 1.0000 0.0000 0.0000 0.0000 
0.0000 0.0000 0.0000 0.0000 0.0000 0.2000 0.0000 0.2000 0.0000 0.6000 0.0000 
0.0000 0.0000 0.0000 0.0000 0.0000 0.4167 0.0000 0.3333 0.0000 0.2500 0.0000 
0.0000 0.0000 0.0000 0.4783 0.0000 0.0000 0.0000 0.0435 0.0000 0.4783 0.0000 
0.0000 0.0000 0.0000 0.0000 0.0000 0.0000 0.0000 1.0000 0.0000 0.0000 0.0000 
0.0000 0.0000 0.0000 0.0000 0.0000 0.1667 0.0000 0.8333 0.0000 0.0000 0.0000 
0.0000 0.0000 0.0000 0.0000 0.0000 0.0000 0.0000 0.1111 0.0000 0.8889 0.0000 
0.0000 0.0000 0.0000 0.0000 0.0000 0.3333 0.0000 0.6667 0.0000 0.0000 0.0000 
0.0000 0.0000 0.0000 0.0000 0.0000 0.0000 0.2000 0.6000 0.0000 0.2000 0.0000 
0.0000 0.0000 0.0000 0.0000 0.0000 0.0000 0.1429 0.4286 0.0000 0.4286 0.0000 
0.0000 0.0000 0.0000 0.0000 0.0000 0.5000 0.0000 0.5000 0.0000 0.0000 0.0000 
0.0000 0.0000 0.0000 0.0000 0.0000 0.0000 0.0000 0.0909 0.0000 0.9091 0.0000 
0.0000 0.0000 0.0000 0.0000 0.0000 0.0000 0.0000 0.2000 0.0000 0.8000 0.0000 
0.0000 0.0000 0.0000 0.0000 0.0189 0.0000 0.0000 0.0000 0.0000 0.9811 0.0000 
0.0000 0.0000 0.0000 0.0000 0.0000 0.0000 0.0000 1.0000 0.0000 0.0000 0.0000 
0.0000 0.0000 0.0000 0.0000 0.0000 0.0000 0.0000 1.0000 0.0000 0.0000 0.0000 
0.0000 0.0000 0.0000 0.0000 0.0000 0.0000 0.0000 0.0000 0.0000 1.0000 0.0000 
0.0000 0.0000 0.0000 0.0000 0.0000 0.0000 0.0000 1.0000 0.0000 0.0000 0.0000 
0.0000 0.0000 0.0000 0.0000 0.0000 0.0000 0.0000 0.0682 0.0000 0.9318 0.0000 
0.0000 0.0000 0.0000 0.0000 0.0000 0.0000 0.0000 0.0769 0.0000 0.9038 0.0192 
0.0000 0.0000 0.0000 0.0000 0.0000 0.0000 0.0000 1.0000 0.0000 0.0000 0.0000 
0.0000 0.0000 0.0000 0.0000 0.0000 0.0000 0.0000 0.2727 0.0000 0.7273 0.0000 
0.0000 0.0000 0.0000 0.0000 0.0000 0.0000 0.0000 0.1053 0.0000 0.8684 0.0263 
0.0000 0.0000 0.0000 0.0000 0.0000 0.0000 0.0000 0.0000 0.0000 1.0000 0.0000 
0.0000 0.0000 0.0000 0.0000 0.0000 0.0000 0.0000 1.0000 0.0000 0.0000 0.0000 
0.0000 0.0000 0.0000 0.0000 0.0000 0.0000 0.0000 1.0000 0.0000 0.0000 0.0000 
0.0000 0.0000 0.0000 0.0000 0.0000 0.0345 0.0000 0.2759 0.0000 0.6897 0.0000 
0.0000 0.0000 0.0000 0.0000 0.0000 0.0000 0.0000 1.0000 0.0000 0.0000 0.0000 
0.0000 0.0000 0.0000 0.0000 0.0000 0.1429 0.0000 0.8571 0.0000 0.0000 0.0000 
0.0000 0.0000 0.0000 0.0000 0.0000 0.1250 0.0000 0.7500 0.0000 0.1250 0.0000 
0.0000 0.0000 0.0000 0.0000 0.0000 0.2000 0.0000 0.8000 0.0000 0.0000 0.0000 
0.0000 0.0000 0.0000 0.0000 0.0000 0.0000 0.0000 0.4545 0.0000 0.5455 0.0000 
0.0000 0.0000 0.0000 0.0000 0.0000 0.0000 0.0000 1.0000 0.0000 0.0000 0.0000 
0.0000 0.0000 0.0000 0.0000 0.0000 0.0000 0.0000 0.0244 0.0000 0.9756 0.0000 

0.0000 0.0000 0.0000 0.0000 0.0000 0.0000 0.0000 1.0000 0.0000 0.0000 0.0000 
0.0000 0.0000 0.0000 0.0000 0.0000 0.3333 0.0000 0.6667 0.0000 0.0000 0.0000 
0.0000 0.0000 0.0000 0.0000 0.0000 0.0000 0.0000 0.0000 0.0000 1.0000 0.0000 
0.0000 0.0000 0.0000 0.0000 0.0000 0.0000 0.0000 1.0000 0.0000 0.0000 0.0000 
0.0000 0.0000 0.0000 0.0000 0.0000 0.0000 0.0000 1.0000 0.0000 0.0000 0.0000 
0.0000 0.0000 0.0000 0.0000 0.0000 0.0000 0.0000 1.0000 0.0000 0.0000 0.0000 
0.0000 0.0000 0.0000 0.0000 0.0000 0.0000 0.0000 1.0000 0.0000 0.0000 0.0000 
0.0000 0.0000 0.0000 0.0000 0.0000 0.0000 0.0000 1.0000 0.0000 0.0000 0.0000 
0.0000 0.0000 0.0000 0.0000 0.0000 0.0000 0.0000 1.0000 0.0000 0.0000 0.0000 
0.0000 0.0000 0.0000 0.0000 0.0000 0.0000 0.0000 0.0000 0.0000 1.0000 0.0000 
0.0000 0.0000 0.0000 0.0000 0.0000 0.0000 0.0000 1.0000 0.0000 0.0000 0.0000 
0.0000 0.0000 0.0000 0.0000 0.0000 0.0000 0.0000 1.0000 0.0000 0.0000 0.0000 
0.0000 0.0000 0.0000 0.0000 0.0000 0.0000 0.0000 0.0000 0.0000 1.0000 0.0000 
0.0000 0.0000 0.0000 0.0000 0.0000 0.0000 0.0000 1.0000 0.0000 0.0000 0.0000 
0.0000 0.0000 0.0000 0.0000 0.0000 0.0000 0.0000 0.6667 0.0000 0.3333 0.0000 
0.0000 0.0000 0.0000 0.0000 0.0000 0.0000 0.0000 0.0000 0.0000 1.0000 0.0000 
0.0000 0.0000 0.0000 0.0000 0.0000 0.0000 0.0000 1.0000 0.0000 0.0000 0.0000 
0.0000 0.0000 0.0000 0.0000 0.0000 0.0000 0.0000 0.3333 0.0000 0.6667 0.0000 
0.0000 0.0000 0.0000 0.0000 0.0000 0.0000 0.0000 0.5000 0.0000 0.5000 0.0000 
0.0000 0.0000 0.0000 0.0000 0.0000 0.0000 0.0000 0.0000 0.0000 1.0000 0.0000 
0.0000 0.0000 0.0000 0.0000 0.0000 0.0000 0.0000 1.0000 0.0000 0.0000 0.0000 
0.0000 0.0000 0.0000 0.0000 0.0000 0.0000 0.0000 1.0000 0.0000 0.0000 0.0000 
0.0000 0.0000 0.0000 0.0000 0.0000 0.0000 0.0000 0.0000 0.0000 1.0000 0.0000 
0.0000 0.0000 0.0000 0.0000 0.0000 0.0000 0.0000 1.0000 0.0000 0.0000 0.0000 
0.0000 0.0000 0.0000 0.0000 0.0000 0.0000 0.0000 0.1667 0.0000 0.8333 0.0000 
0.0000 0.0000 0.0000 0.0000 0.0000 0.0000 0.0000 0.1111 0.0000 0.8889 0.0000 
0.0000 0.0000 0.0000 0.0000 0.0000 0.0000 0.0000 1.0000 0.0000 0.0000 0.0000 
0.0000 0.0000 0.0000 0.0000 0.0000 0.0000 0.0000 0.2500 0.0000 0.7500 0.0000 
0.0000 0.0000 0.0000 0.0000 0.0000 0.0000 0.0000 0.1429 0.0000 0.8571 0.0000 
0.0000 0.0000 0.0000 0.0000 0.0000 0.0000 0.0000 0.0000 0.0000 1.0000 0.0000 
0.0000 0.0000 0.0000 0.0000 0.0000 0.0000 0.0000 1.0000 0.0000 0.0000 0.0000 
0.0000 0.0000 0.0000 0.0000 0.0000 0.0000 0.0000 1.0000 0.0000 0.0000 0.0000 
0.0000 0.0000 0.0000 0.0000 0.0000 0.0000 0.0000 0.5000 0.0000 0.5000 0.0000 
0.0000 0.0000 0.0000 0.0000 0.0000 0.0000 0.0000 1.0000 0.0000 0.0000 0.0000 
0.0000 0.0000 0.0000 0.0000 0.0000 0.0000 0.0000 1.0000 0.0000 0.0000 0.0000 
0.0000 0.0000 0.0000 0.0000 0.0000 0.0000 0.0000 1.0000 0.0000 0.0000 0.0000 
0.0000 0.0000 0.0000 0.0000 0.0000 0.0000 0.0000 1.0000 0.0000 0.0000 0.0000 
0.0000 0.0000 0.0000 0.0000 0.0000 0.0000 0.0000 1.0000 0.0000 0.0000 0.0000 
0.0000 0.0000 0.0000 0.0000 0.0000 0.0000 0.0000 1.0000 0.0000 0.0000 0.0000 
0.0000 0.0000 0.0000 0.0000 0.0000 0.0000 0.0000 0.2500 0.0000 0.7500 0.0000 

